v3.0 hex words addressed
000: 000 000 000 100 000 000 000 000 000 000 000 000 000 000 000 000
010: 000 000 000 000 000 000 000 000 000 000 000 000 000 000 000 000
020: 000 000 000 000 000 000 000 000 000 000 000 000 000 000 000 000
030: 000 000 000 000 000 000 000 000 000 000 000 000 000 000 000 000
040: 000 000 000 000 000 000 000 000 000 000 000 000 000 000 000 000
050: 000 000 000 000 000 000 000 000 000 000 000 000 000 000 000 000
060: 000 000 000 000 000 000 000 000 000 000 000 000 000 000 000 000
070: 000 000 000 000 000 000 000 000 000 000 000 000 000 000 000 000
080: 000 000 000 000 000 000 000 000 000 000 000 000 000 000 000 000
090: 000 000 000 000 000 000 000 000 000 000 000 000 000 000 000 000
0a0: 000 000 000 000 000 000 000 000 000 000 000 000 000 000 000 000
0b0: 000 000 000 000 000 000 000 000 000 000 000 000 000 000 000 000
0c0: 000 000 000 000 000 000 000 000 000 000 000 000 000 000 000 000
0d0: 000 000 000 000 000 000 000 000 000 000 000 000 000 000 000 000
0e0: 000 000 000 000 000 000 000 000 000 000 000 000 000 000 000 000
0f0: 000 000 000 000 000 000 000 000 000 000 000 000 000 000 000 000
100: 000 000 000 000 000 000 000 000 000 000 000 000 000 000 000 000
110: 000 000 000 000 000 000 000 000 000 000 000 000 000 000 000 000
120: 000 000 000 000 000 000 000 000 000 000 000 000 000 000 000 000
130: 000 000 000 000 000 000 000 000 000 000 000 000 000 000 000 000
140: 000 000 000 000 000 000 000 000 000 000 000 000 000 000 000 000
150: 000 000 000 000 000 000 000 000 000 000 000 000 000 000 000 000
160: 000 000 000 000 000 000 000 000 000 000 000 000 000 000 000 000
170: 000 000 000 000 000 000 000 000 000 000 000 000 000 000 000 000
180: 000 000 000 000 000 000 000 000 000 000 000 000 000 000 000 000
190: 000 000 000 000 000 000 000 000 000 000 000 000 000 000 000 000
1a0: 000 000 000 000 000 000 000 000 000 000 000 000 000 000 000 000
1b0: 000 000 000 000 000 000 000 000 000 000 000 000 000 000 000 000
1c0: 000 000 000 000 000 000 000 000 000 000 000 000 000 000 000 000
1d0: 000 000 000 000 000 000 000 000 000 000 000 000 000 000 000 000
1e0: 000 000 000 000 000 000 000 000 000 000 000 000 000 000 000 000
1f0: 000 000 000 000 000 000 000 000 000 000 000 000 000 000 000 000
200: 000 000 000 000 000 000 000 000 000 000 000 000 000 000 000 000
210: 000 000 000 000 000 000 000 000 000 000 000 000 000 000 000 000
220: 000 000 000 000 000 000 000 000 000 000 000 000 000 000 000 000
230: 000 000 000 000 000 000 000 000 000 000 000 000 000 000 000 000
240: 000 000 000 000 000 000 000 000 000 000 000 000 000 000 000 000
250: 000 000 000 000 000 000 000 000 000 000 000 000 000 000 000 000
260: 000 000 000 000 000 000 000 000 000 000 000 000 000 000 000 000
270: 000 000 000 000 000 000 000 000 000 000 000 000 000 000 000 000
280: 000 000 000 000 000 000 000 000 000 000 000 000 000 000 000 000
290: 000 000 000 000 000 000 000 000 000 000 000 000 000 000 000 000
2a0: 000 000 000 000 000 000 000 000 000 000 000 000 000 000 000 000
2b0: 000 000 000 000 000 000 000 000 000 000 000 000 000 000 000 000
2c0: 000 000 000 000 000 000 000 000 000 000 000 000 000 000 000 000
2d0: 000 000 000 000 000 000 000 000 000 000 000 000 000 000 000 000
2e0: 000 000 000 000 000 000 000 000 000 000 000 000 000 000 000 000
2f0: 000 000 000 000 000 000 000 000 000 000 000 000 000 000 000 000
300: 000 000 000 000 000 000 000 000 000 000 000 000 000 000 000 000
310: 000 000 000 000 000 000 000 000 000 000 000 000 000 000 000 000
320: 000 000 000 000 000 000 000 000 000 000 000 000 000 000 000 000
330: 000 000 000 000 000 000 000 000 000 000 000 000 000 000 000 000
340: 000 000 000 000 000 000 000 000 000 000 000 000 000 000 000 000
350: 000 000 000 000 000 000 000 000 000 000 000 000 000 000 000 000
360: 000 000 000 000 000 000 000 000 000 000 000 000 000 000 000 000
370: 000 000 000 000 000 000 000 000 000 000 000 000 000 000 000 000
380: 000 000 000 000 000 000 000 000 000 000 000 000 000 000 000 000
390: 000 000 000 000 000 000 000 000 000 000 000 000 000 000 000 000
3a0: 000 000 000 000 000 000 000 000 000 000 000 000 000 000 000 000
3b0: 000 000 000 000 000 000 000 000 000 000 000 000 000 000 000 000
3c0: 000 000 000 000 000 000 000 000 000 000 000 000 000 000 000 000
3d0: 000 000 000 000 000 000 000 000 000 000 000 000 000 000 000 000
3e0: 000 000 000 000 000 000 000 000 000 000 000 000 000 000 000 000
3f0: 000 000 000 000 000 000 000 000 000 000 000 000 000 000 000 000
400: 000 000 000 000 000 000 000 000 000 000 000 000 000 000 000 000
410: 000 000 000 000 000 000 000 000 000 000 000 000 000 000 000 000
420: 000 000 000 000 000 000 000 000 000 000 000 000 000 000 000 000
430: 000 000 000 000 000 000 000 000 000 000 000 000 000 000 000 000
440: 000 000 000 000 000 000 000 000 000 000 000 000 000 000 000 000
450: 000 000 000 000 000 000 000 000 000 000 000 000 000 000 000 000
460: 000 000 000 000 000 000 000 000 000 000 000 000 000 000 000 000
470: 000 000 000 000 000 000 000 000 000 000 000 000 000 000 000 000
480: 000 000 000 000 000 000 000 000 000 000 000 000 000 000 000 000
490: 000 000 000 000 000 000 000 000 000 000 000 000 000 000 000 000
4a0: 000 000 000 000 000 000 000 000 000 000 000 000 000 000 000 000
4b0: 000 000 000 000 000 000 000 000 000 000 000 000 000 000 000 000
4c0: 000 000 000 000 000 000 000 000 000 000 000 000 000 000 000 000
4d0: 000 000 000 000 000 000 000 000 000 000 000 000 000 000 000 000
4e0: 000 000 000 000 000 000 000 000 000 000 000 000 000 000 000 000
4f0: 000 000 000 000 000 000 000 000 000 000 000 000 000 000 000 000
500: 000 000 000 000 000 000 000 000 000 000 000 000 000 000 000 000
510: 000 000 000 000 000 000 000 000 000 000 000 000 000 000 000 000
520: 000 000 000 000 000 000 000 000 000 000 000 000 000 000 000 000
530: 000 000 000 000 000 000 000 000 000 000 000 000 000 000 000 000
540: 000 000 000 000 000 000 000 000 000 000 000 000 000 000 000 000
550: 000 000 000 000 000 000 000 000 000 000 000 000 000 000 000 000
560: 000 000 000 000 000 000 000 000 000 000 000 000 000 000 000 000
570: 000 000 000 000 000 000 000 000 000 000 000 000 000 000 000 000
580: 000 000 000 000 000 000 000 000 000 000 000 000 000 000 000 000
590: 000 000 000 000 000 000 000 000 000 000 000 000 000 000 000 000
5a0: 000 000 000 000 000 000 000 000 000 000 000 000 000 000 000 000
5b0: 000 000 000 000 000 000 000 000 000 000 000 000 000 000 000 000
5c0: 000 000 000 000 000 000 000 000 000 000 000 000 000 000 000 000
5d0: 000 000 000 000 000 000 000 000 000 000 000 000 000 000 000 000
5e0: 000 000 000 000 000 000 000 000 000 000 000 000 000 000 000 000
5f0: 000 000 000 000 000 000 000 000 000 000 000 000 000 000 000 000
600: 000 000 000 000 000 000 000 000 000 000 000 000 000 000 000 000
610: 000 000 000 000 000 000 000 000 000 000 000 000 000 000 000 000
620: 000 000 000 000 000 000 000 000 000 000 000 000 000 000 000 000
630: 000 000 000 000 000 000 000 000 000 000 000 000 000 000 000 000
640: 000 000 000 000 000 000 000 000 000 000 000 000 000 000 000 000
650: 000 000 000 000 000 000 000 000 000 000 000 000 000 000 000 000
660: 000 000 000 000 000 000 000 000 000 000 000 000 000 000 000 000
670: 000 000 000 000 000 000 000 000 000 000 000 000 000 000 000 000
680: 000 000 000 000 000 000 000 000 000 000 000 000 000 000 000 000
690: 000 000 000 000 000 000 000 000 000 000 000 000 000 000 000 000
6a0: 000 000 000 000 000 000 000 000 000 000 000 000 000 000 000 000
6b0: 000 000 000 000 000 000 000 000 000 000 000 000 000 000 000 000
6c0: 000 000 000 000 000 000 000 000 000 000 000 000 000 000 000 000
6d0: 000 000 000 000 000 000 000 000 000 000 000 000 000 000 000 000
6e0: 000 000 000 000 000 000 000 000 000 000 000 000 000 000 000 000
6f0: 000 000 000 000 000 000 000 000 000 000 000 000 000 000 000 000
700: 000 000 000 000 000 000 000 000 000 000 000 000 000 000 000 000
710: 000 000 000 000 000 000 000 000 000 000 000 000 000 000 000 000
720: 000 000 000 000 000 000 000 000 000 000 000 000 000 000 000 000
730: 000 000 000 000 000 000 000 000 000 000 000 000 000 000 000 000
740: 000 000 000 000 000 000 000 000 000 000 000 000 000 000 000 000
750: 000 000 000 000 000 000 000 000 000 000 000 000 000 000 000 000
760: 000 000 000 000 000 000 000 000 000 000 000 000 000 000 000 000
770: 000 000 000 000 000 000 000 000 000 000 000 000 000 000 000 000
780: 000 000 000 000 000 000 000 000 000 000 000 000 000 000 000 000
790: 000 000 000 000 000 000 000 000 000 000 000 000 000 000 000 000
7a0: 000 000 000 000 000 000 000 000 000 000 000 000 000 000 000 000
7b0: 000 000 000 000 000 000 000 000 000 000 000 000 000 000 000 000
7c0: 000 000 000 000 000 000 000 000 000 000 000 000 000 000 000 000
7d0: 000 000 000 000 000 000 000 000 000 000 000 000 000 000 000 000
7e0: 000 000 000 000 000 000 000 000 000 000 000 000 000 000 000 000
7f0: 000 000 000 000 000 000 000 000 000 000 000 000 000 000 000 000
